   1.0600000e+01
   1.9320000e+01
   8.7200000e+00
   1.9520000e+01
   1.8650000e+01
   1.9300000e+01
   1.1720000e+01
   1.9180000e+01
   1.2630000e+01
   1.6180000e+01
   1.1600000e+01
   1.3420000e+01
   2.3650000e+01
   1.7050000e+01
   1.9920000e+01
   1.5260000e+01
   1.3860000e+01
   8.5800000e+00
   1.2520000e+01
   1.3650000e+01
   1.9660000e+01
   9.5900000e+00
   6.6700000e+00
   7.9400000e+00
   1.7560000e+01
   1.8030000e+01
   9.7700000e+00
   1.2660000e+01
   1.1520000e+01
   1.2520000e+01
   1.6930000e+01
   1.1880000e+01
   1.4940000e+01
   2.1660000e+01
   1.3470000e+01
   2.2410000e+01
   2.3430000e+01
   1.3070000e+01
   1.9210000e+01
   3.2760000e+01
   1.1180000e+01
   1.8170000e+01
   1.9220000e+01
   1.1590000e+01
   1.1650000e+01
   1.2360000e+01
   7.2200000e+00
   7.9900000e+00
   1.0590000e+01
   8.2100000e+00
   2.6210000e+01
   9.4600000e+00
   1.1990000e+01
   1.1940000e+01
   1.6000000e+01
   9.5400000e+00
   2.1130000e+01
   5.5800000e+00
   8.1800000e+00
   4.8500000e+00
   1.8790000e+01
   8.3800000e+00
   7.9300000e+00
   1.3680000e+01
   2.0440000e+01
   2.2000000e+01
   1.6580000e+01
   2.7470000e+01
   7.7400000e+00
   1.2320000e+01
   7.1700000e+00
   2.1260000e+01
   1.4920000e+01
   1.4350000e+01
   7.2100000e+00
   1.2300000e+01
   3.3440000e+01
   1.9670000e+01
   2.6980000e+01
   8.9600000e+00
   1.0710000e+01
   3.1280000e+01
   1.0430000e+01
   1.2820000e+01
   1.7860000e+01
   7.6600000e+00
   1.2480000e+01
   8.0800000e+00
   7.3500000e+00
   1.1990000e+01
   2.1000000e+01
   2.7360000e+01
   8.1100000e+00
   2.4350000e+01
   1.2440000e+01
   1.2400000e+01
   3.1010000e+01
   9.0900000e+00
   1.1570000e+01
   1.7940000e+01
   4.4200000e+00
   1.6420000e+01
   9.2500000e+00
   3.7960000e+01
   1.3190000e+01
   3.2100000e+00
   1.3530000e+01
   9.0800000e+00
   1.6360000e+01
   2.0200000e+01
